"Aiouea_saligna";"Albizia_pedicellaris";"Alchornea_triplinervia";"Amaioua_intermedia";"Andira_anthelmia";"Aparisthmium_cordatum";"Astrocaryum_aculeatissimum";"Bactris_setosa";"Blepharocalyx_salicifolius";"Byrsonima_ligustrifolia";"Cabralea_canjerana";"Calophyllum_brasiliense";"Chionanthus_filiformis";"Clethra_scabra";"Clusia_criuva";"Cordiera_myrciifolia";"Croton_sphaerogynus";"Daphnopsis_racemosa";"Didymopanax_angustissimus";"Endlicheria_paniculata";"Erythroxylum_umbu";"Eugenia_astringens";"Eugenia_stigmatosa";"Eugenia_subglomerata";"Eugenia_sulcata";"Euterpe_edulis";"Garcinia_gardneriana";"Geonoma_schottiana";"Guapira_opposita";"Guarea_macrophylla";"Guatteria_australis";"Heisteria_silvianii";"Hirtella_hebeclada";"Humiriastrum_dentatum";"Ilex_dumosa";"Ilex_pseudobuxus";"Ilex_theezans";"Jacaranda_puberula";"Manilkara_subsericea";"Matayba_guianensis";"Miconia_cubatanensis";"Miconia_fasciculata";"Miconia_flammea";"Miconia_sp";"Mollinedia_schottiana";"Monteverdia_gonoclada";"Myrcia_bicarinata";"Myrcia_brasiliensis";"Myrcia_glabra";"Myrcia_glomerata";"Myrcia_hebepetala";"Myrcia_ilheosensis";"Myrcia_macrocarpa";"Myrcia_multiflora";"Myrcia_racemosa";"Myrcia_splendens";"Myrcia_vellozoi";"Myrsine_coriacea";"Myrsine_umbellata";"Myrsine_venosa";"Nectandra_grandiflora";"Ocotea_dispersa";"Ocotea_pulchella";"Ocotea_pulchra";"Ocotea_venulosa";"Ouratea_parviflora";"Pera_glabrata";"Podocarpus_sellowii";"Posoqueria_latifolia";"Pouteria_beaurepairei";"Psidium_cattleyanum";"Siphoneugena_guilfoyleiana";"Tapirira_guianensis";"Ternstroemia_brasiliensis";"Xylopia_langsdorffiana"
"1";0;0;0;0;0;0;0;0;0;0;0;26;0;0;0;0;0;0;0;0;0;0;0;0;0;0;0;0;0;0;0;0;0;0;0;0;0;0;0;0;0;0;0;0;0;0;0;0;0;0;0;0;0;0;0;0;0;0;0;0;0;0;0;0;1;0;0;0;0;0;0;0;0;0;0
"2";0;0;0;0;0;0;0;0;0;0;0;2;0;0;0;0;0;0;0;0;0;0;0;0;0;4;0;0;0;0;1;0;0;0;0;0;0;0;0;0;1;0;0;0;0;0;0;0;1;0;0;0;0;0;0;0;0;0;0;0;0;0;0;0;0;0;0;0;0;0;0;0;2;1;0
"3";0;0;0;0;0;0;0;0;0;0;0;3;0;0;0;1;0;0;0;0;0;0;0;0;0;2;0;0;0;0;0;0;0;0;0;0;1;0;0;0;0;0;0;0;0;0;0;0;0;0;0;0;0;0;0;0;0;0;0;0;0;0;0;0;0;0;0;0;0;0;0;0;0;0;0
"4";0;0;0;0;0;0;0;0;0;0;0;4;0;0;0;0;0;0;0;0;0;0;0;0;0;9;0;1;0;0;0;0;0;0;3;0;0;0;0;0;0;0;0;0;0;0;6;0;1;2;0;0;0;0;0;1;0;0;0;1;0;0;0;0;0;0;0;0;0;0;0;0;0;0;0
"5";0;0;0;0;0;0;0;0;0;0;0;6;2;0;0;0;0;0;0;0;0;0;0;0;0;17;1;2;0;0;0;0;0;0;0;0;0;0;0;0;0;0;0;0;0;0;0;0;0;0;0;0;0;0;0;0;0;0;0;0;0;0;0;1;0;0;0;0;2;0;0;0;0;0;0
"6";1;0;1;0;0;0;0;0;0;0;0;55;0;0;0;0;0;0;0;0;0;0;0;0;1;1;0;0;0;0;0;0;0;1;0;0;0;0;0;1;0;0;0;0;0;0;0;0;1;0;0;0;0;0;5;0;0;0;0;0;0;0;0;0;0;0;0;0;0;0;0;0;0;0;1
"7";0;0;0;0;1;0;0;0;0;0;0;3;0;0;0;0;0;0;0;0;0;0;0;0;0;0;0;0;0;0;0;0;0;0;0;0;0;0;0;0;0;0;0;0;0;0;0;0;0;0;0;0;0;0;0;0;0;0;0;0;0;0;0;1;0;0;0;0;0;0;0;0;0;0;0
"8";0;5;0;0;0;0;0;0;0;0;0;0;0;0;0;0;0;0;0;0;0;0;0;1;1;5;0;0;0;0;0;0;0;0;0;0;0;0;0;1;0;0;0;0;0;0;2;0;0;0;0;0;0;0;0;0;0;0;0;0;0;0;0;0;0;0;0;0;0;0;0;0;0;1;0
"9";0;0;0;0;0;0;0;0;1;1;0;16;0;1;0;0;0;0;0;0;0;0;0;0;0;2;0;2;0;0;0;0;0;0;0;0;0;0;0;0;0;0;0;0;0;0;16;2;0;3;0;0;0;1;0;0;0;0;0;0;0;0;2;0;0;0;0;0;0;0;0;0;0;0;0
"10";0;0;0;0;0;0;0;0;0;0;0;3;1;0;0;0;0;0;0;0;0;0;0;0;0;0;0;0;0;0;1;0;0;0;1;0;0;0;0;0;0;0;0;0;0;0;0;0;0;0;0;0;0;0;0;0;0;0;0;0;0;0;0;0;0;0;0;0;0;0;0;0;0;0;0
"11";0;0;0;0;0;0;0;0;0;0;0;3;0;0;0;0;0;0;0;0;0;0;0;0;0;2;0;1;0;0;0;0;0;0;0;0;0;0;0;0;0;0;0;0;0;0;0;0;0;0;0;0;0;0;1;0;0;0;0;0;0;0;0;0;0;0;0;0;0;0;0;0;0;0;0
"12";0;0;0;0;0;0;0;0;0;0;0;0;0;0;0;0;0;0;0;0;0;0;0;0;0;3;0;2;0;0;1;0;0;0;1;1;0;0;0;0;0;0;0;0;1;4;0;0;0;0;0;0;0;0;0;0;0;0;0;1;0;0;0;0;0;0;0;0;0;0;0;0;0;0;0
"13";0;0;0;0;0;0;0;0;0;0;0;0;0;0;0;0;0;0;0;0;0;0;0;0;0;0;0;0;0;0;0;0;0;0;0;0;0;0;0;0;0;0;0;0;0;0;0;0;1;2;0;0;0;0;0;0;0;0;1;0;0;0;0;0;0;0;1;0;0;0;0;0;0;0;0
"14";0;1;0;0;1;0;0;0;0;0;0;8;0;0;0;0;0;0;0;0;0;0;0;0;1;9;1;1;0;0;0;0;0;0;0;0;0;0;0;0;0;0;0;0;0;0;0;1;0;0;1;0;0;0;1;0;1;0;0;1;0;0;0;0;0;0;0;0;0;0;0;0;0;0;0
"15";0;0;0;0;0;0;0;1;0;0;0;2;1;0;0;0;0;0;1;0;0;0;0;0;0;21;0;0;0;0;0;0;0;0;0;0;0;0;0;0;0;0;0;0;0;0;0;0;0;0;0;1;0;0;0;0;0;0;0;0;0;0;0;0;0;0;0;0;0;0;0;0;0;0;0
"16";0;0;0;0;0;1;0;0;0;0;0;2;1;0;0;0;0;0;0;0;0;0;0;0;0;15;0;1;0;0;0;0;0;0;0;1;0;0;0;0;1;0;0;0;0;0;0;0;0;1;0;0;0;0;0;1;0;0;0;0;0;0;1;0;0;0;0;0;0;0;0;0;0;0;0
"17";0;0;0;0;0;2;0;0;0;0;0;76;0;0;0;0;0;0;0;0;0;0;0;0;0;2;0;2;0;0;0;0;0;0;0;0;0;0;0;0;1;0;0;0;0;0;0;0;1;0;0;0;0;0;0;0;0;0;0;0;0;0;0;0;0;0;0;0;0;0;0;0;0;0;0
"18";0;0;0;0;0;0;0;0;0;0;0;8;0;0;0;0;0;0;0;0;1;0;0;0;0;8;0;0;0;0;1;0;0;0;0;1;0;0;0;1;0;0;0;0;0;0;0;0;0;0;0;0;0;0;0;0;0;0;0;0;0;0;0;0;0;0;1;0;0;0;0;0;0;0;0
"19";0;0;0;0;0;0;0;0;0;0;0;103;1;0;0;0;0;0;0;0;0;0;0;0;0;3;0;0;0;0;0;0;0;0;0;1;0;0;0;0;0;0;0;0;0;1;0;0;0;0;0;0;0;0;0;0;0;0;0;0;0;0;0;0;0;0;0;0;0;0;0;0;0;0;0
"20";0;1;1;0;0;2;0;0;0;0;0;0;0;0;0;0;0;0;0;0;0;0;0;0;0;6;0;0;0;0;0;0;0;0;0;1;0;0;0;0;0;0;0;0;0;0;0;1;0;0;0;0;0;0;0;0;0;0;0;0;0;0;0;0;0;0;0;1;0;0;0;0;0;0;0
"21";0;0;0;0;0;0;0;0;0;0;1;1;0;0;0;0;0;0;0;0;0;0;0;0;1;5;0;0;0;0;0;0;0;0;0;0;0;0;0;0;0;0;0;0;0;0;0;0;3;0;0;0;0;0;0;2;0;0;0;0;0;0;0;0;0;0;0;0;0;0;0;0;0;0;0
"22";0;0;0;0;0;0;0;0;0;0;1;4;0;0;0;0;0;0;0;0;0;0;0;0;0;14;0;1;1;0;0;0;0;0;0;1;0;0;0;1;0;0;0;0;0;0;0;0;2;0;1;0;0;0;0;0;0;0;0;0;0;0;0;0;0;0;0;0;0;0;0;0;0;0;0
"23";0;0;0;0;0;0;0;0;0;0;0;15;0;0;0;0;0;0;0;0;0;0;0;0;0;6;0;3;0;0;0;0;0;0;0;0;1;0;0;0;0;0;0;0;0;0;0;0;0;0;0;0;0;0;1;0;0;0;0;0;0;0;0;0;0;0;1;1;0;0;0;0;0;0;0
"24";0;0;0;4;0;0;0;0;0;0;0;13;1;0;0;1;0;0;1;0;0;0;0;0;1;11;0;0;0;1;0;0;0;0;0;0;0;0;0;0;0;0;2;0;0;1;0;0;0;1;0;0;0;0;0;0;0;0;0;1;0;0;0;0;0;0;0;1;0;0;0;0;1;0;0
"25";0;2;0;0;0;0;0;0;0;0;0;4;0;0;0;0;0;0;0;0;0;0;0;0;0;11;0;3;1;0;0;0;0;0;1;0;0;0;0;0;1;0;0;0;0;0;0;0;0;0;0;0;0;0;0;0;0;0;0;1;0;0;1;0;0;0;0;0;0;0;0;0;0;0;0
"26";0;0;0;0;0;0;0;0;0;0;0;2;0;0;0;0;0;0;0;0;0;0;0;0;2;0;0;0;0;0;1;0;0;1;0;0;2;0;0;0;0;0;0;0;0;4;0;1;1;1;0;0;0;0;0;0;0;0;0;0;0;0;5;0;0;0;0;0;0;0;0;0;0;0;0
"27";0;0;0;0;0;0;0;0;0;0;0;6;0;0;0;0;0;0;0;0;0;0;0;0;0;4;0;1;0;0;0;0;0;0;3;0;0;0;0;0;0;0;0;0;0;0;0;0;0;0;0;0;0;0;0;0;0;0;0;1;0;0;0;0;0;0;0;0;0;0;0;0;0;0;0
"28";0;0;0;0;0;0;0;0;0;0;0;1;0;0;0;0;0;0;0;1;0;0;0;0;5;0;0;1;0;0;0;0;0;0;0;0;0;0;0;0;0;0;0;0;0;0;0;0;0;0;0;0;0;0;0;0;0;0;0;0;0;0;0;0;0;0;0;0;0;0;0;0;0;0;0
"29";0;0;0;0;0;0;0;0;0;0;0;35;0;0;0;0;0;0;0;0;0;0;0;0;0;5;0;1;0;0;0;0;0;1;0;0;0;0;0;0;1;0;0;0;0;1;0;0;0;0;0;0;0;0;0;0;0;0;0;0;0;0;0;0;0;0;0;0;0;0;0;0;0;0;0
"30";0;0;0;0;0;0;0;0;0;0;1;51;0;0;0;0;0;0;0;0;0;0;0;0;0;8;0;1;0;0;0;0;0;0;0;0;0;0;0;0;0;0;0;0;0;0;0;0;0;0;0;0;0;0;0;0;1;0;0;0;0;1;0;0;0;0;0;0;0;0;0;0;0;0;0
"31";0;0;0;0;0;0;0;0;0;0;0;5;0;0;0;0;0;0;0;0;0;0;0;0;0;1;0;0;0;0;0;0;0;0;0;0;0;0;0;0;0;0;0;0;0;0;0;0;0;0;0;0;0;0;0;0;0;0;0;0;0;0;0;0;0;0;0;0;0;0;0;0;0;0;0
"32";0;0;1;0;2;0;0;0;0;0;0;1;0;0;0;0;0;0;1;0;0;0;0;1;0;2;1;0;1;0;0;0;0;1;0;0;0;0;0;0;0;0;0;0;0;0;0;0;0;0;0;0;0;0;0;0;0;0;0;0;0;0;1;0;0;0;0;0;0;0;0;0;0;0;0
"33";0;3;0;1;0;1;0;0;0;0;1;23;0;0;0;0;0;0;0;0;0;0;0;0;0;13;0;1;0;0;3;0;0;0;0;0;0;0;0;0;0;0;0;0;0;0;0;0;0;0;0;0;0;0;0;0;0;0;0;0;0;0;0;0;0;0;0;0;0;0;0;0;0;0;0
"34";0;0;0;0;0;0;0;0;0;0;0;50;0;0;0;0;0;0;0;0;0;0;0;0;0;1;0;1;0;0;0;0;0;0;0;0;0;0;0;0;0;0;0;0;0;0;0;0;0;0;0;0;0;0;0;0;0;0;0;0;0;0;0;0;0;0;0;0;0;0;0;0;0;0;0
"35";1;0;1;0;0;0;0;0;0;0;0;2;0;0;0;0;0;0;0;0;1;0;0;0;0;18;0;1;0;0;0;0;0;0;0;0;0;0;0;0;0;0;0;0;0;0;0;0;0;0;0;0;0;0;0;0;0;0;0;0;0;0;0;0;0;0;0;0;0;0;0;0;8;0;0
"36";1;15;0;1;0;0;0;0;0;0;0;5;0;0;0;0;0;0;0;0;0;0;0;0;0;8;0;0;1;0;0;0;0;0;0;0;0;0;0;0;0;0;0;0;0;0;0;0;0;0;0;0;0;0;0;0;0;0;0;0;0;0;0;0;0;0;0;0;0;0;0;0;0;0;0
"37";1;4;0;0;0;0;0;0;0;0;0;5;0;0;0;1;1;0;2;0;0;0;0;0;0;6;0;0;0;0;0;1;0;0;1;0;0;0;0;0;0;0;0;0;0;0;0;0;0;0;0;0;0;0;0;2;0;0;0;1;0;0;0;0;0;0;1;0;0;0;0;0;0;0;0
"38";0;1;0;0;1;0;0;0;0;0;0;2;0;0;0;0;0;0;0;0;0;0;1;0;1;9;0;0;0;0;0;0;0;0;1;0;0;0;1;0;0;0;0;0;0;0;0;0;0;0;0;0;0;0;0;1;0;0;0;0;0;0;0;0;0;0;0;0;0;0;0;0;0;0;1
"39";1;0;0;0;0;0;0;0;0;0;0;0;1;0;0;0;0;0;0;0;0;0;0;0;0;8;0;1;0;0;0;0;0;0;0;0;0;0;0;0;0;0;0;0;0;0;0;0;0;0;0;0;0;0;0;0;0;0;0;0;0;0;0;0;0;0;0;0;0;0;0;0;0;0;0
"40";0;0;0;0;0;0;0;0;0;0;0;5;0;0;0;0;0;0;0;0;0;0;0;0;0;10;0;0;0;0;0;0;0;0;0;0;0;0;0;0;0;0;0;0;0;0;0;0;0;0;0;0;0;0;0;0;0;0;0;0;0;0;0;3;0;0;0;0;0;0;0;0;0;0;0
"41";0;0;0;0;0;0;0;0;0;0;0;1;1;0;0;0;0;0;1;0;0;0;0;0;0;6;0;0;0;0;0;0;0;0;0;0;0;0;0;0;0;0;0;0;0;0;0;0;0;0;0;0;0;0;0;0;1;0;0;0;0;1;0;0;0;0;0;1;0;0;0;0;0;0;0
"42";2;0;0;0;0;0;0;0;0;0;0;4;0;0;0;0;0;0;0;0;0;0;0;0;0;12;0;0;0;0;0;0;0;0;0;0;0;0;0;0;0;0;0;0;0;0;0;0;0;0;0;0;0;0;0;0;0;0;0;0;0;1;0;0;0;0;1;0;1;0;0;0;0;0;0
"43";0;0;0;0;0;0;0;0;0;0;0;64;0;0;0;0;0;0;0;0;0;0;0;0;0;2;0;0;0;1;0;0;0;0;0;0;0;0;0;0;0;0;0;0;0;0;0;0;0;0;0;0;0;0;0;1;0;0;0;0;0;1;0;0;0;0;0;0;0;0;0;0;0;0;1
"44";0;0;0;0;0;1;1;0;0;0;0;1;0;0;0;0;0;0;0;0;0;0;0;0;0;11;0;0;0;0;0;0;0;0;0;0;0;0;0;0;0;0;0;0;0;1;0;0;0;0;0;0;0;0;0;0;0;0;0;0;0;1;0;0;0;0;0;0;0;0;0;0;0;0;0
"45";0;0;0;0;0;0;0;0;0;0;0;6;0;0;0;0;0;0;0;0;0;0;0;0;0;10;0;0;0;0;0;0;0;0;0;0;1;0;0;0;0;0;0;0;0;0;0;0;0;0;0;0;0;0;0;0;0;0;0;0;0;0;0;0;0;0;0;0;0;0;0;0;1;0;0
"46";0;0;0;0;0;0;0;0;0;0;0;23;0;0;0;0;0;0;0;0;0;0;0;0;0;1;0;0;0;0;0;0;0;0;0;0;0;0;0;0;0;0;0;0;0;1;0;0;1;0;0;0;0;0;0;0;0;0;0;0;0;0;0;0;0;0;0;0;0;0;0;0;0;0;0
"47";0;7;0;0;0;0;0;0;0;0;0;2;0;0;0;0;0;0;0;0;0;0;0;0;1;4;0;0;0;0;0;0;0;0;0;0;0;0;0;0;0;0;0;0;0;0;0;0;0;0;0;0;0;0;0;0;0;0;0;0;0;0;0;0;0;0;0;0;0;0;0;0;0;1;0
"48";0;0;0;0;0;0;0;0;0;0;0;27;0;0;0;0;0;0;0;0;0;1;0;0;0;3;1;0;0;0;0;1;0;0;0;0;0;0;0;0;0;0;0;0;0;0;0;0;0;0;0;0;0;0;0;0;0;0;0;0;0;0;0;0;0;0;0;0;0;0;0;0;0;0;0
"49";0;0;1;0;0;0;0;1;0;0;0;37;0;0;0;0;0;0;0;0;0;0;0;0;0;3;0;1;0;0;0;0;0;0;0;0;0;0;0;0;0;0;0;0;0;0;0;0;0;0;0;0;0;0;0;0;0;0;0;0;0;0;0;0;0;0;0;0;0;0;0;0;0;0;0
"50";0;0;0;0;0;0;0;0;0;0;0;12;0;0;0;0;0;0;0;0;0;0;0;0;0;9;0;1;0;0;0;0;0;0;0;0;0;0;0;1;0;0;0;0;1;0;0;0;0;0;0;0;0;0;0;0;1;0;0;0;0;0;0;0;0;0;0;0;0;0;0;0;0;0;0
"51";0;0;0;0;0;0;0;0;0;0;0;7;0;0;0;0;0;0;0;0;0;0;0;0;0;5;0;0;0;0;0;0;0;0;0;0;0;0;1;0;0;0;0;0;0;0;0;0;0;0;0;0;0;0;0;0;0;0;0;0;0;0;0;0;0;0;0;0;0;1;0;0;0;0;0
"52";0;0;0;0;0;0;0;0;0;0;0;9;0;0;0;0;0;0;0;0;0;0;0;0;0;7;0;0;0;0;0;1;0;0;0;0;0;0;0;0;0;0;0;0;0;0;0;0;0;0;0;0;0;0;0;0;0;0;0;0;0;0;1;0;0;1;0;0;0;0;0;0;0;0;0
"53";0;0;0;0;0;0;0;0;0;0;0;15;0;0;0;0;0;0;0;0;0;0;0;0;0;7;0;0;0;0;0;0;0;0;0;0;0;0;0;0;0;0;0;0;0;0;0;0;0;0;0;0;0;0;0;0;0;0;0;0;0;0;0;0;0;0;0;0;0;0;0;0;0;0;0
"54";0;1;0;0;0;0;0;0;0;0;0;59;0;0;0;0;0;0;0;0;0;0;0;0;0;6;1;1;0;0;0;0;0;0;0;0;0;0;0;0;0;0;0;0;0;0;0;0;0;0;0;0;0;0;0;0;0;0;0;0;0;0;0;0;0;0;0;0;0;0;0;0;0;0;0
"55";0;0;0;0;0;0;0;0;0;0;0;4;0;0;0;0;0;0;0;0;0;0;0;0;0;10;0;2;0;0;0;0;0;0;0;0;0;0;0;0;0;0;0;0;0;0;0;0;1;0;0;0;0;0;0;0;0;0;0;0;0;0;3;0;0;0;0;0;0;0;0;0;0;0;1
"56";0;1;1;0;0;0;0;0;0;0;0;18;0;0;0;0;0;0;0;0;0;0;0;0;0;6;0;0;0;0;1;0;0;0;0;0;0;0;0;0;0;0;0;0;0;0;0;0;0;0;1;0;0;0;0;0;0;0;0;0;0;0;0;0;0;0;0;0;0;0;0;0;3;0;0
"57";0;1;0;0;0;0;0;0;0;0;1;0;0;0;0;0;0;0;0;0;0;0;0;0;0;4;0;0;0;0;0;0;0;0;0;0;0;0;0;0;0;0;0;0;0;0;0;0;0;0;0;0;0;0;0;0;0;0;0;1;0;0;0;0;0;0;0;0;0;0;0;0;0;0;2
"58";0;3;0;0;1;0;0;0;0;0;0;9;0;0;0;0;0;0;0;0;0;0;0;0;0;4;0;1;0;0;0;0;0;0;0;0;0;0;0;0;0;0;0;0;0;0;0;0;0;0;0;0;0;0;0;0;0;0;0;1;0;0;0;0;0;0;0;0;0;0;0;0;0;0;0
"59";1;2;0;0;0;0;0;0;0;0;0;3;0;0;0;0;0;0;0;0;0;0;0;0;0;8;0;1;0;0;0;0;0;0;0;2;0;0;0;0;1;0;0;0;0;0;1;0;0;0;0;0;0;0;0;0;0;0;0;0;0;0;1;0;2;0;0;0;0;0;0;0;0;1;1
"60";0;0;0;0;0;0;0;0;0;0;1;40;0;0;0;0;0;0;1;0;0;0;0;0;5;6;0;0;0;0;0;1;0;0;0;0;0;0;0;1;0;0;0;0;0;0;0;1;0;0;0;0;0;0;0;0;0;0;0;0;0;0;0;0;0;0;1;0;0;0;0;0;0;0;0
"61";0;0;1;1;0;0;0;0;0;0;0;1;0;0;0;0;0;0;0;0;0;0;0;0;0;5;0;0;1;0;0;0;0;0;0;0;0;0;0;0;0;0;0;7;0;0;9;0;0;0;1;3;0;3;0;5;0;0;0;3;1;0;8;0;0;0;0;0;0;0;0;2;0;0;0
"62";0;0;1;0;0;0;0;0;1;0;0;0;0;0;0;0;0;0;0;0;0;0;0;0;0;1;0;0;0;0;1;0;0;0;2;0;3;0;0;0;0;0;0;2;0;1;1;0;0;0;0;0;0;0;0;15;0;0;0;1;0;0;6;0;0;0;0;0;0;0;0;0;0;0;0
"63";1;0;0;0;0;0;0;0;0;0;0;1;0;0;0;0;0;0;0;0;0;0;0;0;0;6;0;1;0;0;0;0;0;0;0;1;0;0;0;0;0;0;0;0;0;0;6;0;0;1;0;0;0;0;0;1;0;1;0;0;0;0;15;0;0;0;0;0;0;0;0;0;0;0;0
"64";0;0;0;0;0;0;0;0;0;0;0;0;0;0;0;0;0;0;1;0;0;0;0;0;2;2;0;5;1;0;1;0;0;0;0;0;0;0;0;0;0;0;0;2;0;0;9;0;0;2;0;3;0;0;0;16;0;1;0;1;0;0;4;0;0;0;2;0;0;0;1;0;0;0;0
"65";0;0;0;0;0;0;0;0;0;0;0;1;0;0;0;0;0;0;0;0;1;0;0;0;0;2;0;14;0;0;1;0;1;0;0;0;0;0;0;0;0;0;0;2;0;0;6;0;0;2;0;2;0;0;0;10;0;0;0;1;0;0;25;0;0;0;1;0;0;0;1;1;0;0;0
"66";0;0;0;0;0;0;0;0;0;0;0;1;0;0;0;0;0;0;0;0;0;0;0;0;2;0;0;1;0;0;0;0;0;0;2;0;0;0;0;0;0;0;0;0;0;0;1;0;0;0;0;1;0;0;0;3;0;0;0;1;0;0;3;0;0;0;1;0;0;0;0;0;0;2;0
"67";0;0;0;0;0;0;0;0;0;0;0;10;0;0;0;0;0;0;0;0;0;0;0;0;0;0;0;0;1;0;1;0;0;0;0;0;5;0;0;0;0;0;0;0;0;1;5;1;0;0;0;2;1;0;0;3;0;0;0;2;0;0;25;0;0;0;0;0;0;0;0;0;0;2;0
"68";0;0;0;2;0;0;0;0;0;0;0;0;0;0;1;0;0;0;0;0;0;0;0;0;11;1;0;0;7;0;1;0;0;1;1;0;0;0;0;0;0;0;0;0;0;1;7;3;0;1;0;7;0;3;1;3;0;0;0;2;0;0;17;0;0;0;0;0;0;0;0;2;0;0;1
"69";0;0;0;0;0;0;0;0;0;0;0;0;0;0;0;0;0;0;0;0;0;0;0;0;6;0;0;3;4;0;0;0;0;0;0;2;1;1;0;0;0;0;0;0;0;0;0;0;0;0;0;2;0;0;0;1;0;0;0;5;0;0;9;0;0;0;0;0;0;0;1;1;0;0;0
"70";0;0;0;0;0;0;0;0;0;0;0;0;0;0;0;0;0;0;0;0;1;0;0;0;2;4;0;2;1;0;0;0;0;0;1;0;2;0;0;0;0;0;0;1;0;2;1;2;0;1;0;3;0;0;0;3;0;0;0;1;0;0;9;0;0;0;1;0;0;0;3;0;0;3;0
"71";0;0;0;0;0;0;0;0;0;2;0;2;0;0;0;0;0;0;1;0;0;0;0;0;0;4;0;9;1;0;0;0;0;1;1;0;4;0;0;0;2;0;0;3;0;1;5;1;0;2;0;0;0;0;1;0;0;0;0;0;0;0;3;0;0;0;0;0;0;0;1;0;0;0;1
"72";0;0;0;0;0;0;0;0;0;0;0;0;0;0;0;0;0;0;0;0;0;0;0;0;0;1;0;1;0;0;0;0;0;0;0;0;0;0;0;0;2;0;0;0;0;1;0;0;0;0;0;0;0;0;0;0;0;0;0;0;0;0;0;0;0;0;0;0;0;0;0;0;0;0;0
"73";0;0;0;0;0;0;0;0;0;0;0;5;0;0;0;0;0;0;1;0;0;0;0;0;0;4;0;1;0;1;2;0;0;0;0;0;4;0;0;0;0;0;1;1;0;0;7;3;0;0;0;1;3;0;0;0;0;0;0;1;0;0;0;0;0;0;0;0;0;0;0;0;0;0;1
"74";0;0;1;0;0;0;0;0;0;0;0;1;0;0;0;0;0;1;0;0;0;0;0;0;1;2;0;3;0;0;0;0;0;0;1;0;7;0;0;0;0;0;0;10;0;0;9;0;0;2;0;5;1;1;0;1;0;0;0;1;0;0;1;0;0;0;0;0;0;0;0;2;0;0;7
"75";0;0;0;1;0;0;0;0;0;0;0;20;0;0;0;0;0;0;1;0;1;0;0;0;0;5;0;9;0;0;1;0;0;0;1;0;17;0;0;0;0;1;0;2;0;0;9;0;0;8;0;10;0;0;0;1;0;0;0;0;0;0;10;0;0;0;0;0;0;0;0;1;0;0;4
"76";0;0;0;0;0;0;0;0;1;0;0;0;0;0;0;0;0;0;0;0;0;0;0;0;0;5;0;3;0;0;0;0;0;0;0;0;19;0;0;0;0;0;0;0;0;0;15;1;0;8;0;3;0;0;0;0;0;0;0;0;0;0;4;0;0;0;0;0;0;0;1;2;0;0;6
"77";0;0;0;1;0;0;0;0;1;0;0;1;0;0;1;0;0;0;1;0;0;0;0;0;3;5;0;8;0;0;1;0;0;0;0;0;5;0;0;0;0;0;0;2;0;0;18;0;0;1;0;8;0;0;0;0;0;0;0;2;0;0;0;0;0;0;0;0;0;0;1;0;0;1;0
"78";0;0;1;0;0;0;0;0;1;0;0;1;0;0;2;0;0;0;2;0;0;0;0;0;0;2;0;7;0;0;0;0;0;0;1;0;2;0;0;0;1;0;0;2;0;0;33;0;0;2;0;6;0;0;1;0;0;0;0;1;0;0;6;0;0;0;0;0;0;0;0;1;0;1;0
"79";0;0;0;0;0;0;0;0;0;0;0;1;0;0;1;0;0;0;0;0;0;0;0;0;0;1;0;2;0;0;0;0;0;0;2;0;9;0;0;0;0;2;0;0;0;1;14;0;4;2;0;6;0;0;0;0;0;0;0;1;0;0;0;0;0;0;0;0;0;0;0;2;0;1;0
"80";0;0;0;0;0;0;0;0;2;0;0;3;0;0;9;0;0;0;0;0;0;0;0;0;1;0;0;9;1;0;0;0;0;0;0;0;3;0;0;0;0;0;0;6;0;0;43;0;0;1;0;8;1;0;0;0;0;0;0;7;0;0;7;0;0;0;0;0;0;0;0;3;0;5;0
"81";0;0;0;1;0;0;0;0;0;0;0;0;0;0;0;0;0;0;1;0;0;0;0;0;0;1;0;1;0;0;0;0;0;0;0;0;1;0;0;0;0;1;0;7;0;0;7;2;0;0;0;2;0;0;1;0;0;0;0;2;0;0;2;0;0;0;0;0;0;0;0;2;0;2;0
"82";0;2;0;2;0;0;0;0;1;0;0;0;0;0;0;0;0;0;1;0;0;0;0;0;2;0;0;2;0;0;1;0;0;0;1;0;4;0;0;0;2;0;0;7;0;0;15;0;0;0;0;4;0;1;0;1;0;0;0;1;0;0;0;0;0;0;0;0;0;0;0;2;0;0;0
"83";0;0;0;0;0;0;0;0;2;3;0;2;0;1;0;0;0;0;0;0;3;0;0;0;0;1;0;2;3;0;1;0;0;0;0;0;0;0;0;0;0;0;0;2;0;0;3;0;0;0;0;4;0;0;0;0;0;0;0;1;0;0;11;0;0;0;0;0;0;0;0;1;0;8;0
"84";0;0;0;0;0;0;0;0;0;0;0;18;0;0;1;0;0;0;1;0;0;0;0;0;0;2;0;0;0;0;0;0;0;0;2;0;4;0;0;0;0;0;0;0;0;0;9;0;1;1;0;8;0;0;0;0;0;0;0;0;0;0;11;0;0;0;1;0;0;0;1;0;0;1;0
"85";0;0;0;0;0;0;0;0;1;0;0;14;0;0;0;0;0;0;0;0;0;0;0;0;0;0;0;7;0;0;0;0;0;0;0;0;2;0;0;0;0;0;0;2;0;0;34;1;0;0;0;3;0;1;0;0;0;0;0;1;0;0;1;0;0;0;0;0;0;0;0;1;0;2;0
"86";0;0;0;0;0;0;0;0;0;0;0;1;0;0;0;1;0;0;0;0;0;0;0;0;0;2;0;1;0;0;0;0;0;0;0;0;0;0;0;0;0;0;0;0;0;3;19;0;0;0;0;5;0;4;0;1;0;0;0;1;0;0;9;0;0;0;0;0;0;1;0;3;0;7;0
"87";0;0;0;0;0;0;0;0;2;1;0;2;0;0;0;0;0;0;0;0;0;0;0;0;1;0;0;1;1;0;0;0;0;0;1;0;5;0;0;0;0;0;0;0;0;4;19;2;0;3;0;11;0;4;0;1;0;0;0;1;0;0;33;0;0;0;0;0;0;0;0;2;0;8;0
"88";0;0;0;0;0;0;0;0;3;1;0;0;0;0;1;0;0;0;0;0;0;0;0;0;0;0;0;2;0;0;0;0;0;0;1;0;0;0;0;0;0;0;0;0;0;0;5;0;0;0;0;3;0;4;0;0;0;0;0;0;0;0;37;0;0;0;0;0;0;0;0;0;0;0;0
"89";0;0;0;0;0;0;0;0;1;0;0;2;0;0;2;0;0;0;0;0;0;0;0;0;0;0;0;0;0;0;0;0;0;0;0;4;3;0;0;0;0;0;0;0;0;0;0;0;0;0;0;4;0;6;0;0;0;0;0;0;0;0;15;0;0;0;0;0;0;0;0;0;0;6;0
"90";0;0;0;0;0;0;0;0;0;0;0;3;0;0;0;0;0;0;0;0;0;0;0;0;0;0;0;0;4;0;0;0;0;0;2;0;0;0;0;0;0;0;0;0;0;0;3;0;0;0;0;7;0;0;0;1;0;0;0;0;0;0;11;0;0;0;0;0;0;0;0;3;0;0;0
